2133
4389
3880
2220
1662
1659
3374
2738
3201
405
730
2534
2837
2117
2309
3815
2213
3516
2692
1941
2634
3490
3216
3196
2444
4029
4073
2017
1689
1794
1224
2012
2366
1524
456
3808
2247
3194
2776
2116
1946
1670
3148
2491
933
2201
2538
1971
1383
3341
3423
1731
2151
1774
1931
2003
3614
3114
1735
883
1308
693
2517
3260
1632
2571
1383
1825
1678
2241
3036
2097
695
4166
2671
801
2180
2874
2665
1143
2526
4275
2248
1254
3234
1160
756
717
955
1105
3363
2144
1622
1631
1506
2326
1873
3597
4977
2801
2008
3066
499
1757
2857
384
1930
3128
2489
3366
1473
1678
2427
1884
1236
1362
